231 50 2 2 
0 0.0 0.0 0 1
1 0.5 0.0 1 1
2 1.0 0.0 1 1
3 1.5 0.0 1 1
4 2.0 0.0 1 1
5 2.5 0.0 1 1
6 3.0 0.0 1 1
7 3.5 0.0 1 1
8 4.0 0.0 1 1
9 4.5 0.0 1 1
10 5.0 0.0 1 1
11 5.5 0.0 1 1
12 6.0 0.0 1 1
13 6.5 0.0 1 1
14 7.0 0.0 1 1
15 7.5 0.0 1 1
16 8.0 0.0 1 1
17 8.5 0.0 1 1
18 9.0 0.0 1 1
19 9.5 0.0 1 1
20 10.0 0.0 0 1
21 0.0 0.5 0 1
22 0.5 0.5 1 1
23 1.0 0.5 1 1
24 1.5 0.5 1 1
25 2.0 0.5 1 1
26 2.5 0.5 1 1
27 3.0 0.5 1 1
28 3.5 0.5 1 1
29 4.0 0.5 1 1
30 4.5 0.5 1 1
31 5.0 0.5 1 1
32 5.5 0.5 1 1
33 6.0 0.5 1 1
34 6.5 0.5 1 1
35 7.0 0.5 1 1
36 7.5 0.5 1 1
37 8.0 0.5 1 1
38 8.5 0.5 1 1
39 9.0 0.5 1 1
40 9.5 0.5 1 1
41 10.0 0.5 0 1
42 0.0 1.0 0 1
43 0.5 1.0 1 1
44 1.0 1.0 1 1
45 1.5 1.0 1 1
46 2.0 1.0 1 1
47 2.5 1.0 1 1
48 3.0 1.0 1 1
49 3.5 1.0 1 1
50 4.0 1.0 1 1
51 4.5 1.0 1 1
52 5.0 1.0 1 1
53 5.5 1.0 1 1
54 6.0 1.0 1 1
55 6.5 1.0 1 1
56 7.0 1.0 1 1
57 7.5 1.0 1 1
58 8.0 1.0 1 1
59 8.5 1.0 1 1
60 9.0 1.0 1 1
61 9.5 1.0 1 1
62 10.0 1.0 0 1
63 0.0 1.5 0 1
64 0.5 1.5 1 1
65 1.0 1.5 1 1
66 1.5 1.5 1 1
67 2.0 1.5 1 1
68 2.5 1.5 1 1
69 3.0 1.5 1 1
70 3.5 1.5 1 1
71 4.0 1.5 1 1
72 4.5 1.5 1 1
73 5.0 1.5 1 1
74 5.5 1.5 1 1
75 6.0 1.5 1 1
76 6.5 1.5 1 1
77 7.0 1.5 1 1
78 7.5 1.5 1 1
79 8.0 1.5 1 1
80 8.5 1.5 1 1
81 9.0 1.5 1 1
82 9.5 1.5 1 1
83 10.0 1.5 0 1
84 0.0 2.0 0 1
85 0.5 2.0 1 1
86 1.0 2.0 1 1
87 1.5 2.0 1 1
88 2.0 2.0 1 1
89 2.5 2.0 1 1
90 3.0 2.0 1 1
91 3.5 2.0 1 1
92 4.0 2.0 1 1
93 4.5 2.0 1 1
94 5.0 2.0 1 1
95 5.5 2.0 1 1
96 6.0 2.0 1 1
97 6.5 2.0 1 1
98 7.0 2.0 1 1
99 7.5 2.0 1 1
100 8.0 2.0 1 1
101 8.5 2.0 1 1
102 9.0 2.0 1 1
103 9.5 2.0 1 1
104 10.0 2.0 0 1
105 0.0 2.5 0 1
106 0.5 2.5 1 1
107 1.0 2.5 1 1
108 1.5 2.5 1 1
109 2.0 2.5 1 1
110 2.5 2.5 1 1
111 3.0 2.5 1 1
112 3.5 2.5 1 1
113 4.0 2.5 1 1
114 4.5 2.5 1 1
115 5.0 2.5 1 1
116 5.5 2.5 1 1
117 6.0 2.5 1 1
118 6.5 2.5 1 1
119 7.0 2.5 1 1
120 7.5 2.5 1 1
121 8.0 2.5 1 1
122 8.5 2.5 1 1
123 9.0 2.5 1 1
124 9.5 2.5 1 1
125 10.0 2.5 0 1
126 0.0 3.0 0 1
127 0.5 3.0 1 1
128 1.0 3.0 1 1
129 1.5 3.0 1 1
130 2.0 3.0 1 1
131 2.5 3.0 1 1
132 3.0 3.0 1 1
133 3.5 3.0 1 1
134 4.0 3.0 1 1
135 4.5 3.0 1 1
136 5.0 3.0 1 1
137 5.5 3.0 1 1
138 6.0 3.0 1 1
139 6.5 3.0 1 1
140 7.0 3.0 1 1
141 7.5 3.0 1 1
142 8.0 3.0 1 1
143 8.5 3.0 1 1
144 9.0 3.0 1 1
145 9.5 3.0 1 1
146 10.0 3.0 0 1
147 0.0 3.5 0 1
148 0.5 3.5 1 1
149 1.0 3.5 1 1
150 1.5 3.5 1 1
151 2.0 3.5 1 1
152 2.5 3.5 1 1
153 3.0 3.5 1 1
154 3.5 3.5 1 1
155 4.0 3.5 1 1
156 4.5 3.5 1 1
157 5.0 3.5 1 1
158 5.5 3.5 1 1
159 6.0 3.5 1 1
160 6.5 3.5 1 1
161 7.0 3.5 1 1
162 7.5 3.5 1 1
163 8.0 3.5 1 1
164 8.5 3.5 1 1
165 9.0 3.5 1 1
166 9.5 3.5 1 1
167 10.0 3.5 0 1
168 0.0 4.0 0 1
169 0.5 4.0 1 1
170 1.0 4.0 1 1
171 1.5 4.0 1 1
172 2.0 4.0 1 1
173 2.5 4.0 1 1
174 3.0 4.0 1 1
175 3.5 4.0 1 1
176 4.0 4.0 1 1
177 4.5 4.0 1 1
178 5.0 4.0 1 1
179 5.5 4.0 1 1
180 6.0 4.0 1 1
181 6.5 4.0 1 1
182 7.0 4.0 1 1
183 7.5 4.0 1 1
184 8.0 4.0 1 1
185 8.5 4.0 1 1
186 9.0 4.0 1 1
187 9.5 4.0 1 1
188 10.0 4.0 0 1
189 0.0 4.5 0 1
190 0.5 4.5 1 1
191 1.0 4.5 1 1
192 1.5 4.5 1 1
193 2.0 4.5 1 1
194 2.5 4.5 1 1
195 3.0 4.5 1 1
196 3.5 4.5 1 1
197 4.0 4.5 1 1
198 4.5 4.5 1 1
199 5.0 4.5 1 1
200 5.5 4.5 1 1
201 6.0 4.5 1 1
202 6.5 4.5 1 1
203 7.0 4.5 1 1
204 7.5 4.5 1 1
205 8.0 4.5 1 1
206 8.5 4.5 1 1
207 9.0 4.5 1 1
208 9.5 4.5 1 1
209 10.0 4.5 0 1
210 0.0 5.0 0 0
211 0.5 5.0 1 0
212 1.0 5.0 1 0
213 1.5 5.0 1 0
214 2.0 5.0 1 0
215 2.5 5.0 1 0
216 3.0 5.0 1 0
217 3.5 5.0 1 0
218 4.0 5.0 1 0
219 4.5 5.0 1 0
220 5.0 5.0 1 0
221 5.5 5.0 1 0
222 6.0 5.0 1 0
223 6.5 5.0 1 0
224 7.0 5.0 1 0
225 7.5 5.0 1 0
226 8.0 5.0 1 0
227 8.5 5.0 1 0
228 9.0 5.0 1 0
229 9.5 5.0 1 0
230 10.0 5.0 0 0
0 2d9solid 0 0 2 44 42 1 23 43 21 22
1 2d9solid 0 2 4 46 44 3 25 45 23 24
2 2d9solid 0 4 6 48 46 5 27 47 25 26
3 2d9solid 0 6 8 50 48 7 29 49 27 28
4 2d9solid 0 8 10 52 50 9 31 51 29 30
5 2d9solid 0 10 12 54 52 11 33 53 31 32
6 2d9solid 0 12 14 56 54 13 35 55 33 34
7 2d9solid 0 14 16 58 56 15 37 57 35 36
8 2d9solid 0 16 18 60 58 17 39 59 37 38
9 2d9solid 0 18 20 62 60 19 41 61 39 40
10 2d9solid 0 42 44 86 84 43 65 85 63 64
11 2d9solid 0 44 46 88 86 45 67 87 65 66
12 2d9solid 0 46 48 90 88 47 69 89 67 68
13 2d9solid 0 48 50 92 90 49 71 91 69 70
14 2d9solid 0 50 52 94 92 51 73 93 71 72
15 2d9solid 0 52 54 96 94 53 75 95 73 74
16 2d9solid 0 54 56 98 96 55 77 97 75 76
17 2d9solid 0 56 58 100 98 57 79 99 77 78
18 2d9solid 0 58 60 102 100 59 81 101 79 80
19 2d9solid 0 60 62 104 102 61 83 103 81 82
20 2d9solid 0 84 86 128 126 85 107 127 105 106
21 2d9solid 0 86 88 130 128 87 109 129 107 108
22 2d9solid 0 88 90 132 130 89 111 131 109 110
23 2d9solid 0 90 92 134 132 91 113 133 111 112
24 2d9solid 0 92 94 136 134 93 115 135 113 114
25 2d9solid 0 94 96 138 136 95 117 137 115 116
26 2d9solid 0 96 98 140 138 97 119 139 117 118
27 2d9solid 0 98 100 142 140 99 121 141 119 120
28 2d9solid 0 100 102 144 142 101 123 143 121 122
29 2d9solid 0 102 104 146 144 103 125 145 123 124
30 2d9solid 0 126 128 170 168 127 149 169 147 148
31 2d9solid 0 128 130 172 170 129 151 171 149 150
32 2d9solid 0 130 132 174 172 131 153 173 151 152
33 2d9solid 0 132 134 176 174 133 155 175 153 154
34 2d9solid 0 134 136 178 176 135 157 177 155 156
35 2d9solid 0 136 138 180 178 137 159 179 157 158
36 2d9solid 0 138 140 182 180 139 161 181 159 160
37 2d9solid 0 140 142 184 182 141 163 183 161 162
38 2d9solid 0 142 144 186 184 143 165 185 163 164
39 2d9solid 0 144 146 188 186 145 167 187 165 166
40 2d9solid 0 168 170 212 210 169 191 211 189 190
41 2d9solid 0 170 172 214 212 171 193 213 191 192
42 2d9solid 0 172 174 216 214 173 195 215 193 194
43 2d9solid 0 174 176 218 216 175 197 217 195 196
44 2d9solid 0 176 178 220 218 177 199 219 197 198
45 2d9solid 0 178 180 222 220 179 201 221 199 200
46 2d9solid 0 180 182 224 222 181 203 223 201 202
47 2d9solid 0 182 184 226 224 183 205 225 203 204
48 2d9solid 0 184 186 228 226 185 207 227 205 206
49 2d9solid 0 186 188 230 228 187 209 229 207 208
0 vs_vp_rho 0.0 1500.0 1750.0 
1 vs_vp_rho 200.0 1500.0 1750.0 
